00000000
00000000
00000000
00000000
00000000

00000001
00000000
00000000
00000000
00000000

00000011
00000000
00000000
00000000
00000000

00000111
00000000
00000000
00000000
00000000

00001111
00000000
00000000
00000000
00000000

00011111
00000000
00000000
00000000
00000000

00111111
00000000
00000000
00000000
00000000

01111111
00000000
00000000
00000000
00000000

11111111
10000000
00000000
00000000
00000000

11111111
10000000
10000000
00000000
00000000

11111111
10000000
10000000
10000000
00000000

11111111
10000000
10000000
10000000
10000000

11111111
10000000
10000000
10000000
11000000

11111111
10000000
10000000
10000000
11100000

11111111
10000000
10000000
10000000
11101000

11111111
10000000
10000000
10000000
11111000

11111111
10000000
10000000
10000000
11111100

11111111
10000000
10000000
10000000
11111110

11111111
10000000
10000000
10000000
11111111

11111111
10000000
10000000
10000001
11111111

11111111
10000000
10000001
10000001
11111111

11111111
10000001
10000001
10000001
11111111

11111111
10000011
10000001
10000001
11111111

11111111
10000111
10000001
10000001
11111111

11111111
10001111
10000001
10000001
11111111

11111111
10011111
10000001
10000001
11111111

11111111
10111111
10000001
10000001
11111111

11111111
11111111
10000001
10000001
11111111

11111111
11111111
11000001
10000001
11111111

11111111
11111111
11000001
11000001
11111111

11111111
11111111
11000001
11100001
11111111

11111111
11111111
11000001
11110001
11111111

11111111
11111111
11000001
11111001
11111111

11111111
11111111
11000001
11111101
11111111

11111111
11111111
11000001
11111111
11111111

11111111
11111111
11000011
11111111
11111111

11111111
11111111
11000111
11111111
11111111

11111111
11111111
11001111
11111111
11111111

11111111
11111111
11011111
11111111
11111111

11111111
11111111
11111111
11111111
11111111

11111110
11111111
11111111
11111111
11111111

11111100
11111111
11111111
11111111
11111111

11111000
11111111
11111111
11111111
11111111

11110000
11111111
11111111
11111111
11111111

11100000
11111111
11111111
11111111
11111111

11000000
11111111
11111111
11111111
11111111

10000000
11111111
11111111
11111111
11111111

00000000
11111111
11111111
11111111
11111111

00000000
01111111
11111111
11111111
11111111

00000000
01111111
01111111
11111111
11111111

00000000
01111111
01111111
01111111
11111111

00000000
01111111
01111111
01111111
01111111

00000000
01111111
01111111
01111111
00111111

00000000
01111111
01111111
01111111
00011111

00000000
01111111
01111111
01111111
00001111

00000000
01111111
01111111
01111111
00000111

00000000
01111111
01111111
01111111
00000011

00000000
01111111
01111111
01111111
00000001

00000000
01111111
01111111
01111111
00000000

00000000
01111111
01111111
01111110
00000000

00000000
01111111
01111110
01111110
00000000

00000000
01111110
01111110
01111110
00000000

00000000
01111100
01111110
01111110
00000000

00000000
01111000
01111110
01111110
00000000

00000000
01110000
01111110
01111110
00000000

00000000
01100000
01111110
01111110
00000000

00000000
01000000
01111110
01111110
00000000

00000000
00000000
01111110
01111110
00000000

00000000
00000000
00111110
01111110
00000000

00000000
00000000
00111110
00111110
00000000

00000000
00000000
00111110
00011110
00000000

00000000
00000000
00111110
00001110
00000000

00000000
00000000
00111110
00000110
00000000

00000000
00000000
00111110
00000010
00000000

00000000
00000000
00111110
00000000
00000000

00000000
00000000
00111100
00000000
00000000

00000000
00000000
00111000
00000000
00000000

00000000
00000000
00110000
00000000
00000000

00000000
00000000
00100000
00000000
00000000

00000000
00100000
01110000
00100000
00000000

00100000
01110000
11111000
01110000
00100000

11110000
11111000
11111100
11111000
11110000

11111000
11111100
11111110
11111100
11111000

11111100
11111110
11111111
11111110
11111100

11111110
11111111
11111111
11111111
11111110

11111111
11111111
11111111
11111111
11111111

01111111
11111111
11111111
11111111
01111111

00111111
01111111
11111111
01111111
00111111

00111111
01111111
11111111
01111111
00111111

00101111
01111111
11111111
01111111
00101111

00100111
01101111
11111111
01101111
00100111

00100011
01100111
11111111
01100111
00100011

00100001
01100011
11111111
01100011
00100001

00100000
01100001
11111111
01100001
00100000

00100000
01100000
11111111
01100000
00100000

01000000
11000000
11111110
11000000
01000000

10000000
10000000
11111100
10000000
10000000

00000000
00000000
11111000
00000000
00000000

00000000
00000000
11110000
00000000
00000000

00000000
00000000
11100000
00000000
00000000

00000000
00000000
11000000
00000000
00000000

00000000
00000000
10000000
00000000
00000000

00000000
00000000
00000000
00000000
00000000
