00000000
00000000
00000000
00000000
00000000

00000000
00000000
00000000
00000001
00000000

00000000
00000000
00000000
00000011
00000001

00000000
00000000
00000001
00000111
00000010

00000000
00000000
00000011
00001111
00000100

00000000
00000000
00000111
00011111
00001001

00000000
00000000
00001110
00111111
00010010

00000000
00000000
00011100
01111110
00100100

00000000
00000000
00111000
11111100
01001000

00000000
00000000
01110000
11111000
10010000

00000000
00000000
11100000
11110000
00100000

00000000
00000000
11000000
11100000
01000000

00000000
00000000
10000000
11000000
10000000

00000000
00000000
00000000
10000000
00000000
